1237681361
1151616999
1265993200
1272132827
1150395597
926133652
1038185909
1317578624
1242726708
1237680276 1238151362 1239458977 1241180048
1287793384 1287878933
1316960745
1010661048
1283850893 1283977543
1270855956
1284491874 1284593482
1269210042
1266707887
1040911397
1035089799
1265946799
1150975286 1223501887 1223506770
1312333330 1312334288 1312334304 1312334963 1312335756 1312336859 1312337591 1312343367 1312362048 1312385727 1312407641 1312410531 1312436996
926133655
1223498483
1171298855
1289448862
1267769192
1223820726
1289224162
1314361479
1314149314
1223752294 1237676716
1267172300 1267172326 1268139167
1281889332
1291504118
1266468200 1266472355
1237617894
1125683661 1223506453
1283981600
1034336131
1289104716 1289440479
1313802801
1151571256 1223501161
1315980671
1265946806
1304249069
1312334296
1319346917
1281906574
1317354288
1039850126
1151371049
1282196567
